1 10 24
1 10 27
1 10 28
1 24 24
1 24 27
1 24 28
2 2 12 24
2 2 12 27
2 2 12 28
2 100 20 24
2 100 20 27
2 100 20 28
3 1 4 10 24
3 1 4 10 27
3 1 4 10 28
3 2 4 10 24
3 2 4 10 27
3 2 4 10 28
4 10 3 5 8 24
4 10 3 5 8 27
4 10 3 5 8 28
4 12 4 6 2 24
4 12 4 6 2 27
4 12 4 6 2 28
4 10 10 4 1 24
4 10 10 4 1 27
4 10 10 4 1 28
4 24 1 12 12 24
4 24 1 12 12 27
4 24 1 12 12 28
4 25 1 12 12 24
4 25 1 12 12 27
4 25 1 12 12 28
5 200 200 200 200 200 24
5 200 200 200 200 200 27
5 200 200 200 200 200 28
5 2 2 2 2 8 24
5 2 2 2 2 8 27
5 2 2 2 2 8 28
5 2 2 2 2 2 24
5 2 2 2 2 2 27
5 2 2 2 2 2 28
5 1 2 3 4 5 24
5 1 2 3 4 5 27
5 1 2 3 4 5 28
6 200 200 200 200 200 200 27
6 2 2 2 2 2 2 24
6 3 3 3 3 3 3 24
6 1 2 3 4 5 6 24
