1	1	1	24	54	84
1	2	2	25	55	85
1	3	3	26	107	142	231
1	4	4	27	108	143	232
1	5	5	28	58	109	144	233
1	6	6	22	29	45	51	59	90	95	110	145
1	7	7	23	30	46	52	60	83	91	96	111	117	146	175	214	229	235	253
1	8	8	31	47	53	61	63	92	97	99	112	118	176	208	254
1	9	9	32	48	62	64	93	98	100	113	119	177	206	209	255
1	10	10	33	49	56	65	94	101	104	114	120	122	125	127	149	178	207	210	218	238	256
1	11	11	34	50	57	66	89	102	105	115	121	123	126	128	150	179	219	239	257
1	12	12	18	35	41	67	103	106	116	124	129	170	180	186	220	224	234	275
1	13	13	19	36	42	68	171	225	276
1	14	14	20	37	43	69	81	130	132	151	172	189	221	226	227	240	258
1	15	15	21	38	44	70	82	131	133	152	173	190	222	228	241	259
1	16	16	39	71	79	86	134	147	174	185	187	191	197	215	223	236	260	264
1	17	17	40	72	80	87	135	148	188	192	198	216	237	261	265
1	18	73	88	136	138	193	199	201	217	262	263	266
1	19	74	137	139	194	200	202	267
1	20	75	140	195	203	268
1	21	76	141	196	204	230	269
1	22	77	205	270
1	23	78	153	181	211	242	271
1	24	154	182	212	243	272
1	25	155	183	213	244	252
1	26	156	184	245
1	27	157	246	273
1	28	158	247	274
1	29	159	248
1	30	160	249
1	31	161	250
1	32	162	251
1	33	163
1	34	164
1	35	165
1	36	166
1	37	167
1	38	168
1	39	169
2	14	1	18	28	47	51	64	88	94	125	151	155	165	170	181	203	232
2	16	2	7	43	50	62	90	119	135	153	157	158	161	199	227	238
2	21	3	12	33	37	39	49	70	76	136	167	183	189	204
2	23	4	24	41	57	78	82	116	128	129	138	144	160	197	206	214
2	24	5	25	42	58	60	79	83	98	110	114	117	134	139	142	145	198	207	215	221	225	230
2	25	6	26	61	80	84	99	111	115	118	140	143	147	190	191	194	208	212	216	226
2	17	8	44	91	120	154	159	200	239
2	18	9	31	35	45	67	92	121	168	172
2	19	10	32	36	68	93	122	169	173
2	20	11	30	38	66	69	75	146	174
2	22	13	23	34	40	56	71	77	81	137	182	184	205
2	10	14	20	53	72	101	104	130	179	236
2	11	15	21	54	59	73	96	102	105	109	131	163	175	180	192	223	231	237	240
2	12	16	22	55	74	86	97	106	123	127	132	149	162	164	193	201	222	224	228
2	13	17	46	87	124	150	202	241
2	15	19	29	48	52	65	89	95	126	152	156	166	171	233
2	26	27	63	85	100	112	141	148	195	209	213	217
2	9	103	133	178	188	235
2	6	107	185	220	229
2	7	108	176	186
2	27	113	196	210	218
2	8	177	187	234
2	28	211	219
3	14	1	23	27	40	48	50	59	62	70	71	79	95	99	103	109	113	114	122	127	149	171	175	179	185	215	219	223	229	233	235	240	241	242	257	258	270	276	283	289
3	10	2	8	28	34	63	66	76	88	119	130	132	135	144	194	206	211	225	256	272
3	11	3	9	29	35	67	77	89	120	131	133	136	138	140	145	168	195	207	212	261	268	296
3	12	4	10	30	36	68	78	90	92	94	101	106	121	146	160	169	177	183	196	213	227	274	281
3	23	5	31	61	97	128	157
3	24	6	32	51	64	98	129	150	158	186	220	266
3	25	7	33	55	65	137	151	159	162	198	267
3	16	11	18	38	52	56	73	81	83	105	107	116	124	153	173	176	182	187	202	217	226	238	246	247	254	262	263	273	284	286	291	294	297
3	17	12	19	39	45	53	57	74	82	84	108	117	125	154	174	188	203	248	264	265	269	287	292	298
3	18	13	20	46	75	85	118	141	155	180	189	230	236	243	249	250	277	288
3	19	14	21	47	86	142	156	181	190	231	237	244	251	260	280
3	20	15	22	87	143	191	200	208
3	21	16	192	201	209
3	22	17	37	139	193	204	210	278
3	15	24	41	49	60	72	80	96	100	104	110	115	123	172	216	218	224	232	245	259	271	285	290	293	295
3	6	25	167
3	7	26	42	58	91	111	147	163	184	239	282
3	8	43
3	9	44	134	205	279
3	27	54	252
3	13	69	93	102	112	126	148	170	178	197	214	228	234	275	299
3	26	152	199
3	32	161
3	3	164
3	4	165
3	5	166
3	28	221	253
3	29	222	255
4	17	1	9	28	73	111	156	205
4	15	2	19	25	29	39	45	51	60	74	91	102	136	169	180	190	194
4	23	3	15	30	41	75	94	126	134	141	158	183	192	208
4	24	4	31	58	63	70	76	95	106	114	116	142	163	184	201	209
4	18	5	10	21	32	47	77	99	157	166	198	206	210
4	19	6	11	22	23	33	48	49	78	100	167	207	211
4	20	7	12	34	79	84	130	173	191	199	212
4	21	8	13	35	80	85	92	127	131	174	181	200
4	22	14	40	86	93	125	133	175	182
4	10	16	42	56	118	139
4	11	17	43	57	62	119	140	147
4	14	18	24	38	44	50	59	90	101	113	135	150	161	168	179	193
4	16	20	46	151	155	189
4	6	26	52	87	176
4	7	27	53	65	103	137	170	195
4	31	36	81
4	13	37	89	121	123	149	178	215
4	8	54	66	104	138	144	145	196
4	9	55	67	146
4	12	61	88	105	112	120	122	124	148	177	214
4	25	64	68	71	96	107	115	117	132	159	164	185	202
4	26	69	72	97	108	160	165	186	203
4	32	82	128	171
4	33	83	129	143	152	162	172
4	27	98	109	187	204
4	28	110	188	197	213
4	34	153
4	35	154
5	14	1	16	25	42	47	51	53	56	60	68	71	73	94	98	108	110	134	137	139	148	153	169	172	175	177	195	210	213	219	226	231	238	257	259	266
5	23	2	9	17	29	45	66	74	84	105	111	126	136	144	149	165	208	218	229	237	253	265
5	10	3	21	78	91	112	158	182	190	193	207	243	252
5	11	4	22	70	79	101	104	114	135	141	155	159	200	232	254
5	12	5	19	23	76	80	92	102	115	142	151	160	184	201	255
5	13	6	20	24	41	67	77	93	133	143	152	161	272
5	18	7	27	38	106	123	191	202	223	258	263	270
5	22	8	15	28	44	65	125	217	236
5	24	10	18	30	75	85	120	127	145	150	166	185
5	25	11	31	32	34	54	86	97	121	128	167	186	198	203	227	248
5	26	12	33	35	48	55	87	109	113	122	129	168	199	228	242	262
5	20	13	36	62	95	131	180	215	225	234	261
5	21	14	37	46	64	96	107	132	140	216	235
5	15	26	43	52	57	61	69	72	99	138	154	170	176	178	196	211	214	220	233	239	244	260	267
5	16	39	58	89	100	130	146	156	171	179	183	197	212	221	240	245	256	268
5	17	40	59	119	222	241	246	269
5	27	49	88	173
5	28	50	174
5	9	63	83	90	118	157	164	181	189	206	251
5	7	81	116	147	187	204	249
5	8	82	117	162	163	188	192	194	205	209	230	250
5	31	103
5	19	124	224	264	271
5	32	247
6	13	1	13	22	40	49	51	57	79	153	167	198	240	265	281	329	355	362
6	14	2	4	14	20	23	25	30	41	45	58	60	70	80	81	92	98	101	109	121	124	125	139	155	168	172	183	189	199	200	205	221	241	245	256	263	285	297	312	330	333
6	15	3	5	15	21	24	26	42	59	61	82	93	99	110	117	122	126	140	148	156	169	184	187	190	196	201	206	216	222	234	242	257	264	266	286	298	299	313	334	358
6	23	6	27	52	62	74	94	113	116	129	133	143	146	147	157	195	204	211	215	225	233	247	269	272	276	282	287	316	319	331	340	357
6	24	7	32	53	72	114	134	158	176	202	249	277	288	328	332
6	25	8	33	73	115	128	142	159	177	194	203	214	232	238	251	268	275	289	303	304	324
6	26	9	31	34	71	151	160	162	252	254	336
6	16	10	35	38	44	50	75	88	97	111	118	123	127	131	141	144	149	163	171	179	185	191	197	209	217	223	227	229	235	244	267	270	293	300	341	343	359
6	17	11	36	39	63	76	89	95	119	132	150	164	186	236	248	342	344	360
6	12	12	48	54	87	180	181	262	294	295	326	351	354	361
6	21	16	43	100	170	243	279	327	338
6	22	17	112	145	210	228	271	306	321
6	18	18	37	46	77	83	90	96	120	130	173	226	246	258	292
6	19	19	78	84	91	102	108	154	174	188	192	207	212	230	259	273	301	305	339	356
6	3	28	68
6	4	29	69	315
6	11	47	65	66	86	104	178	250	261	274	291	314	320	350	353
6	6	55	67	105	166	345
6	7	56	106	136	208	218	239	325	346
6	10	64	85	103	152	260	290	308	318	352
6	8	107	137	219	280	283	309	335	347
6	20	135	175	182	193	213	231	278	296	302	337
6	9	138	220	284	307	310	311	317	322	348	349
6	27	161	224	253	255
6	5	165
6	32	237	323
7	16	1	5	13	17	23	31	33	39	46	50	77	88	91	111	115	138	143	148	151	154	157	159	162	167	184	188	190	193	194	200	215	236	238	241	253	257	267
7	17	2	6	14	18	24	32	34	40	47	55	67	78	89	92	112	139	149	152	158	168	189	191	195	216	237	258	268
7	11	3	8	19	26	43	48	53	59	62	74	83	85	93	98	119	136	140	171	192	227	231	232
7	15	4	16	38	49	61	73	76	90	94	142	156	161	166	174	176	178	179	183	199	213	240	252	256	266
7	10	7	25	42	52	84	96	97	118	127	137	146	187
7	21	9	27	35	54	69	99	114	117	130	229
7	31	10	28	100	208
7	32	11	131
7	33	12
7	14	15	37	60	72	75	79	141	155	165	173	175	177	182	212	220	239	246	255	265
7	3	20	210	218
7	4	21	211	219
7	5	22
7	25	29	58	82	101	106	132	135	169	180	202	214	223	230	234	245	247	262
7	26	30	51	102	107	122	172	181	224	248	263
7	13	36	64	71	272
7	12	41	63	242	243	251	254	271
7	6	44	86
7	7	45	87	133	203	235	244
7	23	56	70	80	103	147	150	217
7	24	57	81	105	121	134	222	233	260
7	18	65	108	113	153	196	201	209	259	269	270
7	9	66	95	104	120	126	145	186	228	261
7	27	68	123	163	204	225	249	264
7	19	109	160	197
7	22	110	124	170
7	20	116	125	129	185	198
7	28	128	164	205	221	226	250
7	8	144
7	29	206
7	30	207
8	16	1	6	11	18	23	47	53	56	70	76	97	107	120	160	165	171	174	223	224	238	242	262	265	284	291	317	320	333	341
8	12	2	32	37	42	71	77	79	98	175	219	225	236	264	269	276	285	298	303	318	322	345	352	353	359	363	364
8	13	3	15	38	43	72	80	82	99	102	110	123	143	145	172	220	246	270	277	278	301	304	323	346	354	357	360	365
8	14	4	16	27	30	33	39	44	45	73	78	83	95	100	104	111	112	116	124	146	169	203	205	209	247	279	281	286	302	305	309	311	319	337
8	15	5	17	28	40	46	55	74	113	114	147	162	170	185	204	222	240	280	282	306	338
8	17	7	19	24	54	109	125	156	190	191	239	244	253	266	321	334	342
8	26	8	20	64	94	96	151	168	312	316	326	332
8	20	9	12	21	48	58	89	138	188	313
8	8	10	22	84	133	158	176	193	227	255	263	288	294	300	310
8	22	13	60	200	207	335
8	24	14	34	51	62	101	103	129	144	149	173	181	197	210	221	231	250	292	314	324	330	358
8	21	25	59	90	91	93	108	121	130	139	140	154	166	182	189	198	206	232	243	251	331
8	23	26	61	105	117	128	148	177	180	230	329	336
8	10	29	35	50	87	132	136	152	184	195	202	217	229	234	257	259	267	272	274	289	307	343	348	350	355	361
8	11	31	36	41	49	52	81	88	137	142	153	161	214	218	235	268	275	290	293	308	344	351	356	362
8	19	57	86	127	135	187	213	216	226	237	296
8	25	63	150	208	211	273	315	325	349
8	27	65	283	327
8	28	66	297	328
8	29	67
8	30	68
8	31	69	92	122	131	141	155	167	183	199	233	252
8	9	75	119	159	164	194	201	228	249	256	258	261	271	347
8	18	85	106	115	118	126	134	163	186	192	196	212	215	241	248	260	295
8	7	157	254	340
8	3	178	245
8	4	179
8	6	287	299	339
9	8	1	162	179	198	212	235	242	265	363	385	395	416	433	449	464	507	529	542	550
9	9	2	14	68	116	190	201	236	240	243	295	323	335	364	386	400	405	419	422	434	450	465	479	521	530	543	563
9	10	3	15	69	97	111	119	141	175	185	202	208	222	241	274	296	311	324	329	336	365	391	401	406	423	461	503	522	525	544	545	554	564
9	11	4	16	41	67	98	112	120	132	142	151	176	186	203	209	216	275	297	298	337	392	402	407	504	517	518	526	546	569
9	12	5	42	88	99	143	152	177	182	187	195	207	210	217	246	276	284	285	312	376	393	409	414	447	505	514	519	527	541	558	570
9	14	6	17	20	22	37	39	45	46	59	71	74	78	102	104	121	153	180	183	226	248	253	254	271	286	305	340	350	366	372	403	404	410	424	437	487	491	498	535	559	566
9	15	7	18	21	30	40	47	51	60	72	76	77	105	122	135	150	154	166	184	249	256	263	266	270	287	306	341	352	367	371	373	399	411	436	492	497	510	534	536	551	560	567
9	16	8	19	52	53	61	70	73	93	103	114	118	123	129	136	155	165	250	267	269	288	292	307	330	338	347	357	361	370	374	380	381	388	396	418	435	467	483	493	509	537	561
9	17	9	62	63	94	109	124	130	156	161	163	191	227	251	260	278	289	293	308	321	331	339	348	358	382	389	397	398	408	417	421	439	468	480	484	494	531
9	18	10	28	64	85	87	95	110	157	164	213	228	231	261	268	279	290	291	294	315	317	319	349	359	368	383	440	455	469	485	495	515	532	562
9	19	11	24	65	80	96	106	158	159	229	252	257	262	280	313	316	318	320	353	356	360	369	384	426	441	456	475	481	486	500	516	538	556
9	20	12	25	29	50	66	81	107	145	160	204	258	304	314	354	442	466	476	482	501	533	540	565
9	21	13	75	173	205	255	351	387	425	443	477	512
9	26	23	26	55	79	82	108	128	139	140	167	181	214	218	239	259	272	355	378	438	496	499	523
9	27	27	48	56	83	91	146	168	199	215	219	328	342	379	451	524	571
9	4	31	325
9	5	32	555
9	6	33	125	233
9	22	34	206	223	283	299	322	430	444	462	470	478	513
9	23	35	43	89	100	133	171	192	224	230	273	281	300	301	326	327	412	445	457	471	511	539	557	568
9	13	36	38	44	86	113	144	188	196	247	277	309	310	415	428	463	520	547	575
9	28	49	57	84	92	147	169	200	220	343	452	572
9	25	54	127	138	194	197	238	303	377	429	446	454	459	473	548	553
9	29	58	117	148	170	174	221	332	344	375	390	453	460	490	502	573
9	24	90	101	131	134	137	172	193	225	237	282	302	413	420	427	431	458	472	488	552
9	7	115	126	178	211	234	264	362	394	432	448	474	489	506	528	549
9	30	149	333	345	574
9	3	189	232	508
9	32	244
9	33	245
9	31	334	346
10	14	1	11	20	22	25	50	53	62	64	67	73	80	83	92	96	112	123	137	142	154	156	159	173	203	204	208	241	248	257	275	281	284	311	328	355	360	377
10	20	2	98	138	139	149	177	211	232	249	253	264	293	315	319	325	359
10	21	3	72	99	225	233	266	320	343
10	26	4	18	33	39	87	101	117	165	205	207	218	219	247	260	267	289	314	324	342	366	367
10	10	5	9	10	59	66	76	90	105	110	134	140	143	166	170	179	183	190	196	268	312	333	349	357	373	392
10	11	6	60	106	111	135	153	167	171	178	197	212	213	222	230	242	269	321	336	340	350	358	374
10	12	7	19	52	78	109	172	181	201	239	243	255	272	274	326	327	334	341	354
10	13	8	21	49	61	79	102	136	175	202	240	256	290	310	335	369	397
10	15	12	23	26	51	63	68	81	84	94	97	118	124	145	155	168	258	265	276	282	285	295	301	329	338	356	371	378
10	16	13	24	27	35	40	45	54	57	74	91	95	108	114	119	128	144	146	147	150	157	169	174	184	186	214	223	252	271	277	283	302	303	307	316	330	345	347	362	372	379	394
10	9	14	55	65	107	250	298	318	361	363	390	391
10	23	15	42	56	85	89	131	141	194	199	216	244	254	322	331	339	364
10	24	16	38	43	69	127	132	162	192	195	200	217	224	226	245	251	365	370	393
10	25	17	44	70	86	116	133	191	193	206	227	246	323	352	376	384
10	17	28	32	36	41	46	58	75	100	120	129	151	158	187	215	236	270	273	278	288	304	308	317	346	348	375	385	395
10	18	29	31	37	47	93	103	121	125	130	152	163	188	209	235	237	279	287	291	305	309	380	386	388	396
10	19	30	48	77	104	113	126	148	164	176	180	185	189	210	231	238	280	286	292	306	313	381
10	27	34	88	220	261	332
10	22	71	198	229	259	294
10	8	82	122	221	297	389
10	7	115	182	228	296	337	344	353
10	28	160	262	368	382
10	29	161	263	383	387
10	6	234	299
10	3	300
10	32	351
11	14	1	2	19	37	40	48	49	60	62	68	100	107	123	147	152	161	173	175	181	208	209	221	232	236	242
11	22	3	20	41	77	104	165	197	206	217	240
11	16	4	15	21	42	61	66	70	73	78	87	97	105	129	136	139	145	151	153	171	176	182	189	211	228	248	256
11	12	5	14	22	35	43	59	79	88	102	130	134	135	190	249
11	8	6	23	39	64	80	92	99	108	111	122	156	191	192	200	235
11	9	7	24	44	93	109	115	166	193	219	255
11	19	8	9	18	25	26	45	46	94	95	118	126	142	168	194	203	214	231	247	253
11	24	10	27	47	81	124	163	180	186	199	223	227
11	10	11	32	56	86	110	132	167	220	245
11	27	12	30	33	54	57	84	244
11	28	13	34	58
11	17	16	67	71	74	98	137	140	146	149	160	172	177	201	212	229	234	257
11	18	17	63	72	89	120	125	138	141	188	202	213	230	246	252
11	25	28	52	82	90	154	183	187
11	26	29	53	83	112	157	243
11	23	31	55	65	85	121	144	155	170	184	198	207	218
11	13	36	103	131	251	258
11	15	38	69	128	148	162	174	179	210	222	233	237
11	30	50
11	31	51
11	11	75	76	96	101	106	133	150	164	224	225
11	7	91	250
11	20	113	116	119	127	143	158	169	195	204	215	226	238	241	254
11	21	114	117	159	178	185	196	205	216	239
12	16	1	12	18	42	58	82	83	96	115	132	138	154	160	167	175	184	224	232	236	252	255	271	276	281	292	297
12	17	2	13	19	43	59	72	84	109	125	194	223	256	298
12	6	3	40	44	85	230	267
12	26	4	7	11	31	35	45	48	52	69	71	77	86	89	93	98	102	117	121	178	196	203	218	238	294
12	24	5	33	46	76	87	131	148	159	171	186	221	227	233	235	248	253	283
12	25	6	10	34	47	51	62	70	88	92	97	116	202	214	234	237	254	284
12	27	8	49	90	94	113	239	249
12	18	9	14	20	50	60	67	91	99	118	143	158	195	240	241
12	9	15	21	130	145	162	191	198	251	261	262	264	288
12	20	16	38	133	141	219
12	21	17	61	80	126	134	187	189	212	220	222	245
12	10	22	25	53	103	106	122	163	177	182	192	199	204	206	208	213	242	263	265	289
12	11	23	26	54	73	104	105	107	108	123	124	139	183	193	207	209	216	266	269
12	14	24	27	29	36	55	56	79	110	127	136	149	150	156	169	173	176	179	197	215	226	257	274	275	279	287	290	293	295
12	15	28	30	37	39	57	64	68	111	137	144	151	155	168	174	180	205	243	244	258	280	291	296
12	23	32	75	147	200	247	270	282
12	7	41	65	112	152	181	211	231	259	268
12	22	63	81	146	188	190	228	246
12	8	66	101	120	129	153	166	185	250	260
12	12	74	140	157	161	165	210	217	225	272	277	285	286
12	13	78	135	164	172	273	278	299
12	28	95	114	170	229
12	19	100	119	128	142
12	4	201
13	12	1	3	14	16	40	46	59	81	88	104	105	135	136	180	210
13	13	2	4	15	17	41	45	47	60	82	87	89	106	181	222
13	20	5	18	48	68	74	78	90	97	101	125	127	211	220
13	21	6	21	28	49	51	67	75	79	98	102	126	128	161	173	185	204	219
13	22	7	22	50	52	70	80	93	103	109	129	174	177	186
13	16	8	24	35	38	44	73	96	120	153	158	164	165	169	172	187
13	27	9	25	33	55	65	116	123	133	157	216
13	28	10	26	134	159	188	217
13	29	11	27	145	160	189	196	218
13	30	12	32	146	197
13	31	13	36	66	113	198
13	25	19	37	91	114	118	121	138	151	209
13	26	20	92	115	119	122	152
13	23	23	53	112	149	155	175	191	199	207	214
13	17	29	30	39	56	62	154	162	166	170	190
13	7	31	63	86	124	143	194
13	14	34	42	61	71	94	107	110	144	167	171	182	183	195	212
13	15	43	72	95	108	111	168	184	213
13	19	54	77	100	148	202	221
13	18	57	58	76	99	137	147	163	176	201
13	8	64
13	11	69	84	206
13	10	83	132	179	205
13	6	85	142	193
13	24	117	130	150	156	200	203	208	215
13	9	131	178	192
13	3	139
13	4	140
13	5	141
14	11	1	35	47	51	54	55	62	70	91	108	115	136	139	144	151	163	179	199	224	235	241	246	262
14	17	2	18	63	64	67	99	122	126	128	214	258	272
14	18	3	68	100	112	123	168
14	26	4	12	16	28	33	49	72	79	89	110	125	133	146	156	159	186	189	204	207	211	232	275
14	14	5	20	31	37	41	56	94	95	113	116	134	141	153	170	171	184	263
14	9	6	22	103	142	206	229	233	250
14	10	7	23	50	82	90	147	164	174	198	215	234	236	245	251	271
14	23	8	24	44	61	75	80	97	130	166	180	218	228	254	260
14	8	9	25	39	42	76	102	154	165	172	188	193	202	230	249	268
14	4	10	26	87	129	273
14	25	11	27	46	48	69	71	78	88	104	107	109	132	137	143	145	155	158	185	194	195	203	231	270	274
14	15	13	19	21	32	36	38	57	65	83	96	117	135	148	175	191	216	217	225	242	252	253	261	264
14	16	14	17	34	43	52	60	66	98	118	162	178	192	210	213	219	222	223	226	239	243	265
14	21	15	105	138	196	221	257
14	31	29	73	111	187	276
14	13	30	93	169	183	259	277
14	12	40	53	85	86	92	140	150	167	177	182
14	24	45	77	81	121	127	131	157	173	181	269
14	6	58	119	200	247	266
14	7	59	120	201	248	267
14	32	74
14	28	84	149	176	255
14	19	101	124	152	190	227	240	244
14	22	106	197
14	27	114	205	212
14	20	160	161	208	209	220	237	238	256
15	12	1	25	35	72	75	94	103	113	114	125	132	159	164	195	208	239	249	258	264	273	281	288	295	326
15	20	2	26	70	115	180	196	218	257
15	17	3	10	16	27	34	38	50	62	79	99	116	123	137	146	156	177	188	202	212	220	231	235	240	243	252	254	259	279	297	306
15	23	4	28	56	63	117	131	214	248
15	24	5	8	29	32	39	110	118	121	126	185	215	266	270	276	286	303	313	323
15	18	6	11	19	20	30	44	45	54	55	68	80	89	90	100	105	106	119	138	139	147	165	171	172	173	178	189	216	221	232	255	260	296	298	299
15	19	7	12	31	66	69	81	120	148	166	179	190	199	217	222	236	256	319	320
15	21	9	33	57	111	122	130	134	181	193	219	278	324
15	14	13	17	21	46	47	51	71	77	86	101	107	140	144	153	160	163	174	191	197	200	223	224	229	237	275	283	300	308	310	317
15	15	14	18	22	48	60	84	96	97	135	141	151	161	175	192	201	213	226	238	261	284	290	301	309	311
15	16	15	37	49	74	78	85	98	136	145	152	155	162	170	194	203	230	234	246	247	251	280	285	287	307	312	321	322
15	6	23	82	149	271
15	7	24	61	95	124	142	176	227	241	265	272	302
15	13	36	42	73	76	104	112	133	143	228	274	277	282	316	327
15	25	40	58	87	127	154	167	186	267	304	314
15	22	41	59	169	209	325
15	11	43	83	91	93	150	158	168	183	207	233	245	263	269	294
15	26	52	88	128	187	225	315
15	27	53	129	184
15	8	64	204	242	250	253	289	292
15	9	65	102	198	205	210	291
15	10	67	92	157	182	206	211	244	262	268	293	305	318
15	29	108
15	30	109
16	14	1	4	14	17	32	38	42	55	57	60	85	94	135	144	155	161	170	178	185
16	15	2	5	15	18	25	33	39	43	56	58	61	70	83	86	91	95	121	129	136	145	146	162	171	179	186
16	16	3	6	16	19	26	34	44	59	62	71	81	84	113	118	126	147	157	163	172	176	180	181	187	189	190
16	17	7	20	23	27	35	46	54	73	82	114	119	138	143	148	173	177	188
16	12	8	12	40	69	76	88	92	111	156	167	168	169	184
16	13	9	13	36	41	89	125	133	193
16	10	10	51	67	74	90	107	109	139	158	164	174	182
16	11	11	68	75	87	110	140	165	175	183
16	18	21	24	28	47	53	64	79	115	120	130	142	149
16	19	22	45	48	52	72	80	97	116	131	137	141	150
16	5	29
16	25	30	31	100	124
16	24	37	99	123	134	151
16	20	49	65	98	117	132
16	21	50	66	101
16	8	63	78	103	105
16	7	77	102	112
16	29	93	108
16	3	96	127
16	9	104	106	122	166	191
16	4	128
16	22	152	192
16	23	153
16	27	154	159
16	28	160
17	26	1	4	23	26	100	104	111	114	153	198
17	23	2	10	24	32	48	61	80	122	171
17	25	3	25	38	42	113	124	182
17	27	5	27	183
17	16	6	9	28	31	34	36	39	51	52	72	110	115	126	134	150	152	155	162	164	188	194	197
17	17	7	29	40	43	53	73	88	92	116	127	156	165	195
17	15	8	30	82	93	133	143	154	175	181	193
17	24	11	37	41	69	91	112	123	149	160	179	180
17	12	12	17	33	45	59	63	67	79	84	90	101	106	131	135	140	144	151	163	170	176	178	186	187	199
17	13	13	18	60	62	64	85	136	141	200
17	20	14	56	96	98	166
17	21	15	57	87	168
17	22	16	139	169	173
17	10	19	46	65	70	77	103	121	129
17	11	20	44	47	58	66	71	78	89	99	102	105	130
17	6	21
17	7	22	68	83	107	125	145	177
17	14	35	49	50	76	81	86	109	132	142	167	172	189	192
17	18	54	74	94	117	128	146	147	157	158	159	190	196
17	19	55	95	97	118	148	161	191
17	9	75	120	138	174
17	8	108	119
17	29	137	185
17	28	184
18	14	1	6	17	24	28	42	46	62	69	78	92	104	155	201	247	263	274
18	26	2	4	29	38	61	74	105	124	128	139	154	177	190	221	224	269
18	27	3	5	22	23	30	39	54	75	76	77	99	106	136	176	179	187	191	211	231	270	277
18	15	7	18	25	43	47	79	86	89	93	117	145	156	186	192	254	275
18	16	8	12	13	19	26	60	63	68	72	81	87	90	95	101	109	118	143	144	146	148	153	160	167	193	195	200	212	218	232	236	244	255
18	31	9
18	32	10	258
18	33	11	48
18	23	14	27	102	163	183	184	222	242	267
18	24	15	44	85	100	103	122	164	185	216	235	239	271
18	10	16	35	45	67	88	113	119	129	132	137	142	188	199	206	214	238	241	253	265
18	25	20	123	168	215	243	259	268
18	22	21	53	98	125	126	140	162	178	189	203	273	276
18	28	31	55	107	180	278
18	18	32	49	70	71	80	94	111	134	157	158	169	175	202	207	220	223	228	234	246	249	257
18	19	33	50	112	135	159	170	182	217	272
18	20	34	51	84	225	227
18	11	36	64	65	114	120	130	133	138	196	197	261	266
18	12	37	66	83	96	97	115	121	149	165	171	173	198	230	264	280
18	17	40	73	82	91	110	127	147	161	194	208	213	219	229	233	237	245	248	252	256
18	13	41	116	131	150	166	172	174	262	281
18	21	52	226
18	29	56	108	279
18	7	57	210	260
18	8	58	151	250
18	9	59	141	152	204	205	240	251
18	3	181
18	6	209
